
Algorytm FIFO 3 10 10
Strony: [2, 6, 5, 3, 2, 9, 5, 7, 4, 8]
Trafienia: 0
Chybienia: 7
Algorytm FIFO 3 100 10
Strony: [8, 9, 1, 6, 8, 5, 1, 9, 8, 3, 6, 5, 2, 3, 9, 4, 5, 2, 2, 1, 1, 9, 10, 3, 4, 2, 2, 7, 1, 9, 1, 6, 4, 4, 1, 2, 8, 0, 1, 8, 4, 4, 3, 9, 8, 3, 3, 9, 9, 5, 1, 10, 5, 2, 3, 7, 10, 5, 7, 5, 8, 7, 6, 8, 4, 3, 4, 8, 10, 1, 2, 5, 1, 7, 10, 2, 6, 3, 6, 3, 8, 2, 9, 5, 4, 9, 5, 0, 1, 6, 6, 2, 7, 2, 7, 0, 8, 6, 8, 2]
Trafienia: 25
Chybienia: 72
Algorytm FIFO 3 1000 10
Strony: [6, 4, 0, 6, 6, 3, 2, 1, 9, 4, 9, 10, 0, 0, 9, 1, 6, 9, 3, 10, 10, 3, 8, 0, 1, 3, 1, 10, 7, 6, 0, 3, 2, 10, 0, 3, 3, 6, 1, 8, 6, 4, 3, 8, 6, 4, 1, 0, 0, 3, 10, 3, 2, 6, 3, 5, 2, 2, 0, 8, 9, 9, 5, 10, 10, 8, 0, 4, 7, 7, 2, 6, 6, 4, 8, 10, 2, 8, 8, 2, 2, 5, 1, 1, 7, 0, 8, 2, 5, 0, 9, 6, 2, 2, 3, 8, 0, 5, 7, 3, 10, 5, 5, 1, 0, 10, 10, 7, 9, 3, 1, 5, 7, 10, 9, 6, 0, 3, 4, 1, 9, 8, 0, 2, 10, 4, 1, 1, 2, 6, 0, 4, 7, 6, 6, 4, 5, 4, 10, 1, 1, 6, 2, 2, 5, 0, 0, 1, 7, 6, 9, 1, 10, 8, 2, 8, 5, 10, 10, 5, 4, 5, 1, 7, 10, 9, 9, 9, 4, 6, 3, 3, 8, 6, 6, 10, 6, 9, 2, 6, 2, 7, 8, 1, 10, 2, 4, 9, 3, 6, 2, 3, 1, 3, 4, 9, 4, 2, 1, 1, 9, 2, 7, 4, 5, 8, 1, 1, 1, 6, 8, 7, 9, 10, 9, 9, 4, 4, 7, 0, 9, 2, 2, 0, 2, 8, 6, 7, 9, 9, 2, 8, 1, 2, 8, 10, 10, 3, 3, 10, 2, 10, 9, 4, 2, 4, 4, 3, 6, 9, 9, 4, 0, 4, 2, 2, 9, 6, 7, 0, 0, 9, 1, 10, 5, 9, 10, 8, 4, 8, 4, 6, 9, 9, 4, 6, 4, 3, 6, 5, 6, 5, 7, 3, 7, 5, 0, 2, 5, 6, 4, 3, 4, 8, 6, 8, 1, 2, 7, 4, 5, 6, 0, 1, 0, 7, 9, 0, 2, 10, 10, 5, 2, 5, 4, 8, 9, 8, 10, 9, 9, 6, 0, 2, 10, 3, 8, 7, 8, 9, 3, 4, 10, 1, 0, 9, 4, 1, 2, 5, 8, 1, 10, 0, 1, 3, 0, 7, 8, 7, 7, 6, 3, 8, 9, 2, 6, 2, 9, 8, 6, 7, 4, 5, 4, 6, 0, 10, 3, 1, 8, 5, 5, 5, 6, 2, 2, 4, 2, 8, 0, 7, 7, 3, 6, 6, 0, 6, 10, 3, 2, 3, 5, 8, 9, 8, 10, 6, 4, 3, 8, 4, 4, 1, 4, 3, 5, 7, 6, 2, 8, 10, 1, 10, 5, 8, 0, 2, 7, 1, 1, 3, 9, 8, 2, 1, 5, 3, 2, 4, 4, 0, 5, 3, 1, 1, 9, 9, 8, 4, 6, 0, 5, 7, 4, 7, 6, 7, 8, 3, 2, 8, 1, 7, 5, 2, 6, 5, 9, 7, 4, 6, 3, 10, 9, 0, 7, 0, 4, 1, 0, 10, 10, 3, 8, 2, 0, 5, 5, 1, 0, 8, 9, 8, 3, 0, 1, 8, 3, 10, 7, 3, 4, 4, 1, 7, 7, 4, 0, 5, 4, 6, 6, 1, 5, 10, 2, 4, 5, 6, 4, 2, 9, 8, 2, 4, 1, 7, 2, 9, 9, 1, 6, 9, 1, 10, 5, 0, 1, 0, 6, 0, 5, 8, 9, 2, 7, 10, 8, 8, 6, 6, 10, 1, 0, 8, 4, 10, 6, 7, 1, 2, 5, 7, 10, 2, 8, 10, 4, 5, 5, 9, 6, 7, 7, 6, 3, 5, 7, 8, 3, 3, 4, 6, 4, 6, 1, 8, 3, 9, 10, 3, 3, 8, 7, 10, 2, 8, 6, 3, 9, 5, 3, 0, 4, 3, 2, 10, 10, 9, 9, 2, 3, 3, 2, 4, 2, 2, 2, 1, 8, 2, 9, 8, 2, 2, 9, 1, 10, 1, 9, 5, 8, 5, 2, 4, 5, 3, 4, 7, 4, 9, 9, 7, 3, 1, 7, 6, 0, 8, 1, 5, 10, 6, 8, 2, 3, 9, 3, 5, 7, 3, 5, 3, 7, 9, 5, 10, 6, 8, 2, 6, 6, 8, 10, 9, 3, 2, 4, 8, 9, 2, 1, 10, 3, 4, 10, 7, 6, 5, 8, 3, 7, 9, 0, 4, 7, 0, 2, 0, 9, 8, 7, 5, 1, 5, 7, 5, 2, 3, 5, 9, 6, 3, 7, 0, 7, 10, 4, 7, 10, 8, 7, 0, 1, 3, 8, 10, 7, 1, 7, 3, 0, 5, 5, 9, 6, 5, 9, 9, 2, 10, 9, 0, 8, 1, 4, 8, 3, 5, 10, 0, 8, 1, 2, 7, 9, 3, 6, 10, 8, 7, 9, 5, 5, 4, 8, 5, 6, 10, 10, 3, 7, 7, 6, 2, 6, 0, 0, 0, 10, 4, 4, 3, 5, 1, 6, 1, 0, 10, 8, 8, 10, 5, 1, 9, 4, 2, 9, 3, 4, 4, 7, 10, 3, 7, 0, 2, 3, 3, 9, 1, 9, 7, 5, 6, 10, 8, 10, 4, 6, 0, 6, 10, 6, 7, 8, 6, 8, 7, 3, 3, 1, 4, 7, 10, 5, 4, 6, 9, 5, 10, 0, 1, 3, 7, 10, 9, 6, 8, 6, 7, 9, 6, 7, 5, 3, 2, 4, 2, 0, 0, 9, 6, 10, 0, 9, 2, 3, 6, 6, 4, 6, 8, 8, 5, 1, 1, 3, 2, 2, 10, 1, 3, 0, 9, 1, 7, 7, 4, 6, 5, 6, 1, 2, 7, 2, 8, 6, 5, 0, 4, 5, 1, 6, 2, 7, 6, 1, 7, 3, 7, 10, 8, 9, 0, 6, 4, 10, 6, 4, 0, 7, 8, 4, 3, 9, 0, 6, 1, 9, 5, 8, 10, 3, 5, 10, 9, 1, 3, 9, 2, 2, 9, 9, 8, 9, 6, 5, 6, 3, 4, 4, 2, 10, 4, 7, 4, 3, 0, 2, 5, 6, 2, 0, 10, 5, 0, 5, 6, 0, 10, 8, 3, 9, 0, 8, 3, 10, 3, 8, 3, 6, 7, 7, 9, 10, 5, 8, 8, 8, 10, 2, 4, 2, 2, 6, 3, 5, 8, 5, 10, 1, 10, 7, 9, 4, 5, 8, 0]
Trafienia: 259
Chybienia: 738
Algorytm LRU 3 10 10
Strony: [6, 6, 0, 9, 1, 5, 8, 5, 3, 0]
Trafienia: 1
Chybienia: 6
Algorytm LRU 3 100 10
Strony: [8, 1, 7, 0, 5, 8, 1, 10, 7, 5, 9, 0, 8, 5, 2, 1, 3, 9, 10, 9, 9, 1, 10, 4, 5, 3, 4, 2, 6, 6, 9, 6, 8, 10, 6, 2, 1, 0, 6, 10, 3, 6, 3, 0, 9, 2, 9, 3, 1, 4, 0, 1, 3, 8, 3, 3, 10, 3, 7, 9, 3, 10, 8, 10, 7, 3, 7, 6, 5, 0, 8, 7, 5, 2, 6, 9, 0, 1, 2, 4, 8, 7, 6, 9, 2, 9, 6, 3, 10, 4, 4, 2, 9, 0, 8, 1, 8, 7, 9, 7]
Trafienia: 22
Chybienia: 75
Algorytm LRU 3 1000 10
Strony: [2, 5, 9, 5, 6, 3, 6, 10, 6, 6, 0, 9, 9, 8, 9, 5, 4, 10, 7, 6, 0, 2, 6, 6, 1, 0, 6, 0, 6, 4, 5, 10, 5, 1, 8, 1, 10, 10, 10, 4, 3, 7, 4, 9, 7, 3, 4, 7, 1, 2, 1, 10, 6, 0, 10, 1, 4, 4, 9, 10, 3, 7, 10, 2, 6, 5, 5, 7, 7, 9, 0, 2, 0, 3, 3, 5, 6, 2, 3, 3, 8, 7, 0, 1, 1, 2, 10, 10, 10, 1, 8, 5, 5, 2, 2, 7, 2, 3, 2, 10, 2, 1, 0, 4, 5, 6, 1, 0, 3, 2, 0, 8, 0, 6, 7, 1, 0, 8, 4, 2, 7, 0, 3, 5, 2, 6, 7, 5, 5, 1, 1, 8, 10, 5, 6, 8, 1, 7, 0, 2, 0, 8, 8, 3, 3, 9, 4, 10, 9, 6, 2, 0, 5, 5, 4, 0, 1, 2, 6, 5, 9, 1, 9, 0, 6, 1, 0, 6, 7, 0, 9, 9, 4, 9, 3, 6, 1, 10, 7, 2, 7, 0, 9, 1, 7, 5, 7, 7, 0, 7, 0, 5, 8, 10, 10, 5, 1, 5, 6, 10, 3, 6, 5, 1, 2, 10, 8, 7, 9, 4, 3, 1, 1, 1, 5, 3, 0, 3, 10, 3, 10, 7, 0, 8, 8, 9, 4, 3, 7, 8, 10, 8, 6, 0, 3, 3, 9, 7, 6, 3, 7, 8, 1, 10, 1, 5, 3, 1, 1, 1, 2, 6, 5, 9, 6, 3, 7, 3, 5, 8, 8, 8, 9, 4, 10, 7, 2, 6, 2, 8, 3, 6, 3, 10, 8, 3, 5, 1, 5, 0, 3, 2, 4, 5, 9, 1, 2, 0, 9, 0, 9, 1, 3, 5, 0, 8, 5, 4, 6, 6, 7, 3, 9, 0, 3, 0, 2, 6, 1, 6, 1, 0, 5, 0, 7, 3, 4, 4, 5, 2, 5, 9, 5, 6, 0, 2, 4, 3, 7, 8, 3, 3, 10, 4, 2, 10, 1, 5, 2, 5, 6, 2, 3, 1, 8, 9, 6, 7, 0, 2, 6, 2, 2, 3, 3, 3, 3, 4, 1, 9, 9, 6, 10, 5, 3, 5, 9, 1, 2, 1, 10, 1, 7, 7, 0, 1, 10, 1, 5, 2, 10, 9, 9, 4, 6, 2, 2, 2, 8, 4, 8, 0, 1, 6, 7, 8, 8, 9, 5, 8, 7, 3, 5, 3, 4, 7, 0, 7, 6, 9, 7, 3, 2, 5, 10, 5, 0, 9, 5, 5, 4, 0, 1, 7, 4, 7, 9, 5, 7, 4, 3, 2, 8, 4, 4, 8, 3, 1, 4, 5, 2, 10, 4, 8, 6, 7, 6, 9, 10, 6, 2, 8, 9, 10, 1, 4, 2, 2, 9, 8, 10, 2, 5, 1, 9, 4, 7, 7, 2, 8, 9, 7, 0, 4, 7, 10, 5, 1, 1, 3, 3, 3, 8, 7, 1, 2, 5, 4, 10, 5, 8, 3, 5, 7, 2, 10, 1, 7, 6, 7, 5, 7, 8, 7, 8, 1, 0, 9, 10, 6, 7, 10, 3, 7, 5, 9, 10, 8, 8, 6, 3, 6, 1, 10, 5, 3, 9, 4, 6, 6, 8, 9, 2, 8, 2, 7, 3, 1, 7, 4, 10, 3, 2, 1, 0, 7, 1, 6, 6, 7, 7, 6, 4, 4, 4, 9, 8, 5, 1, 3, 3, 0, 3, 6, 0, 9, 0, 7, 7, 5, 10, 0, 10, 10, 7, 2, 5, 0, 10, 4, 4, 7, 8, 8, 1, 10, 1, 4, 10, 6, 1, 7, 0, 10, 8, 4, 10, 10, 6, 8, 0, 7, 5, 4, 3, 1, 9, 9, 7, 8, 10, 7, 0, 10, 2, 7, 8, 2, 2, 4, 6, 9, 1, 1, 0, 0, 1, 2, 9, 5, 4, 3, 4, 1, 1, 6, 9, 10, 9, 10, 8, 4, 4, 7, 6, 7, 10, 8, 2, 7, 9, 4, 4, 6, 0, 3, 7, 5, 10, 4, 1, 4, 3, 6, 4, 0, 8, 6, 3, 6, 5, 8, 6, 8, 10, 2, 6, 1, 9, 7, 7, 1, 10, 2, 10, 5, 8, 6, 3, 4, 0, 2, 1, 1, 0, 7, 5, 9, 1, 10, 8, 4, 1, 10, 4, 1, 5, 10, 3, 1, 10, 2, 0, 8, 10, 9, 4, 7, 2, 2, 10, 6, 7, 0, 8, 10, 6, 8, 5, 9, 10, 7, 5, 5, 3, 10, 9, 4, 2, 9, 6, 4, 7, 3, 5, 2, 10, 0, 0, 6, 5, 5, 1, 8, 10, 10, 0, 1, 8, 1, 1, 2, 4, 0, 10, 9, 2, 3, 4, 7, 7, 8, 7, 1, 0, 1, 10, 10, 5, 0, 8, 10, 5, 8, 3, 1, 2, 4, 2, 10, 5, 0, 8, 7, 7, 2, 5, 10, 8, 8, 3, 10, 4, 5, 9, 6, 0, 1, 7, 10, 9, 0, 4, 10, 0, 1, 10, 9, 3, 0, 3, 3, 10, 3, 0, 3, 3, 7, 4, 0, 6, 0, 8, 4, 3, 6, 3, 1, 4, 1, 3, 3, 8, 5, 4, 5, 3, 0, 3, 10, 3, 7, 9, 1, 0, 8, 6, 2, 8, 4, 8, 5, 1, 5, 6, 2, 10, 5, 1, 1, 9, 0, 6, 2, 1, 1, 6, 0, 9, 8, 10, 5, 7, 2, 9, 4, 7, 3, 7, 7, 7, 2, 6, 6, 3, 0, 8, 0, 10, 5, 3, 8, 6, 8, 10, 8, 3, 6, 6, 10, 8, 5, 4, 9, 7, 7, 5, 7, 0, 8, 7, 8, 4, 5, 1, 5, 7, 4, 3, 9, 4, 7, 2, 1, 10, 8, 5, 8, 8, 7, 7, 1, 9, 2, 9, 10, 0, 9, 6, 3, 3, 9, 5, 9, 1, 0, 2, 3, 6, 8, 4, 1, 1, 6, 0, 2, 9, 0, 5, 2, 9, 0, 10, 0, 4, 9, 2, 10, 2, 9, 6, 9, 5, 0, 2, 5, 8, 4, 0, 4, 2, 8, 6, 8, 7, 6, 1, 1, 4, 8]
Trafienia: 272
Chybienia: 725
Algorytm FIFO 3 10 100
Strony: [87, 38, 61, 62, 89, 60, 78, 100, 87, 34]
Trafienia: 0
Chybienia: 7
Algorytm FIFO 3 100 100
Strony: [93, 58, 54, 36, 45, 5, 14, 90, 8, 23, 49, 96, 8, 22, 60, 87, 96, 56, 71, 1, 75, 18, 20, 44, 6, 63, 25, 32, 62, 73, 67, 41, 57, 70, 32, 79, 34, 2, 30, 6, 4, 44, 34, 24, 67, 7, 45, 69, 53, 61, 98, 46, 85, 72, 4, 21, 100, 70, 82, 22, 14, 9, 7, 98, 31, 65, 34, 93, 0, 44, 8, 53, 76, 30, 100, 63, 1, 88, 41, 80, 83, 98, 33, 11, 81, 3, 3, 55, 19, 39, 33, 33, 26, 31, 91, 55, 91, 88, 42, 42]
Trafienia: 4
Chybienia: 93
Algorytm FIFO 3 1000 100
Strony: [44, 31, 51, 60, 41, 90, 60, 92, 33, 56, 35, 40, 37, 59, 98, 71, 74, 76, 22, 23, 79, 66, 65, 50, 39, 21, 2, 45, 82, 66, 92, 70, 23, 30, 38, 24, 51, 48, 52, 2, 34, 90, 20, 81, 21, 14, 33, 68, 43, 12, 91, 15, 61, 6, 40, 58, 15, 60, 76, 30, 59, 88, 17, 21, 79, 7, 93, 100, 14, 57, 70, 38, 48, 3, 49, 5, 59, 9, 33, 74, 15, 56, 60, 26, 12, 49, 32, 74, 43, 14, 13, 13, 59, 27, 14, 98, 63, 37, 81, 58, 74, 18, 11, 80, 65, 9, 47, 27, 27, 89, 39, 93, 25, 71, 71, 100, 41, 21, 63, 24, 21, 26, 46, 40, 68, 57, 11, 86, 74, 13, 35, 40, 90, 44, 30, 1, 43, 71, 37, 61, 5, 22, 70, 12, 81, 98, 96, 48, 90, 83, 73, 57, 100, 83, 7, 94, 28, 48, 48, 77, 9, 68, 22, 59, 44, 26, 95, 88, 10, 20, 21, 67, 73, 44, 96, 76, 61, 7, 92, 75, 60, 26, 58, 88, 35, 81, 85, 43, 33, 67, 37, 100, 5, 71, 75, 27, 49, 63, 35, 60, 91, 54, 5, 1, 94, 22, 92, 23, 82, 62, 39, 58, 27, 0, 0, 17, 6, 19, 53, 14, 47, 66, 30, 27, 82, 100, 16, 20, 88, 5, 29, 2, 41, 77, 14, 12, 96, 70, 40, 40, 69, 8, 35, 0, 7, 81, 45, 1, 89, 42, 79, 57, 44, 47, 40, 48, 33, 81, 65, 72, 72, 54, 15, 6, 58, 26, 6, 40, 12, 40, 66, 67, 71, 91, 58, 60, 90, 93, 72, 38, 21, 95, 70, 2, 71, 26, 8, 94, 82, 30, 70, 70, 12, 87, 7, 87, 38, 89, 7, 98, 14, 69, 43, 95, 33, 82, 4, 71, 59, 74, 70, 42, 19, 23, 100, 62, 67, 6, 44, 5, 50, 5, 14, 46, 9, 31, 42, 77, 73, 72, 27, 98, 93, 24, 70, 28, 40, 46, 30, 44, 30, 93, 8, 59, 67, 75, 47, 68, 9, 64, 8, 76, 67, 53, 84, 19, 83, 93, 9, 6, 22, 81, 87, 64, 37, 91, 18, 17, 41, 22, 100, 95, 40, 63, 41, 23, 68, 85, 55, 23, 93, 23, 35, 10, 20, 71, 52, 30, 24, 15, 41, 13, 37, 62, 61, 34, 94, 78, 10, 66, 5, 31, 32, 9, 14, 5, 54, 26, 62, 29, 36, 89, 8, 58, 61, 41, 20, 29, 72, 19, 1, 50, 28, 35, 33, 20, 20, 35, 14, 13, 33, 50, 9, 65, 88, 67, 45, 10, 70, 87, 27, 9, 48, 95, 81, 94, 11, 93, 77, 22, 70, 36, 95, 24, 21, 94, 63, 60, 88, 60, 37, 80, 49, 17, 13, 43, 68, 11, 0, 63, 86, 54, 92, 89, 15, 39, 40, 33, 1, 74, 60, 40, 33, 6, 17, 3, 68, 71, 26, 17, 56, 78, 33, 87, 16, 82, 12, 59, 4, 7, 63, 63, 38, 99, 81, 66, 44, 78, 4, 26, 95, 15, 81, 98, 84, 73, 83, 37, 9, 25, 10, 58, 20, 0, 43, 17, 84, 55, 12, 69, 46, 48, 49, 52, 63, 64, 41, 32, 88, 53, 10, 82, 85, 1, 56, 78, 50, 20, 54, 46, 44, 78, 49, 67, 64, 7, 37, 18, 30, 7, 44, 72, 14, 71, 86, 62, 83, 38, 90, 69, 26, 44, 92, 60, 81, 8, 81, 27, 17, 92, 82, 94, 71, 99, 81, 92, 34, 87, 27, 34, 56, 73, 75, 55, 76, 14, 39, 86, 87, 55, 4, 63, 83, 17, 62, 84, 4, 38, 55, 64, 31, 64, 73, 61, 58, 78, 66, 28, 33, 52, 70, 31, 18, 21, 60, 23, 19, 8, 53, 5, 23, 6, 63, 61, 25, 52, 73, 70, 78, 55, 30, 65, 52, 51, 86, 68, 64, 42, 78, 39, 76, 18, 81, 50, 49, 64, 41, 28, 4, 56, 66, 64, 88, 20, 18, 95, 100, 37, 85, 23, 89, 42, 42, 57, 86, 81, 21, 43, 43, 55, 45, 57, 89, 69, 26, 51, 80, 8, 57, 14, 18, 50, 11, 81, 65, 29, 88, 39, 75, 7, 9, 38, 85, 42, 9, 36, 21, 61, 29, 43, 80, 67, 34, 83, 3, 52, 92, 81, 85, 55, 6, 53, 57, 48, 84, 50, 11, 76, 33, 23, 54, 93, 71, 0, 9, 20, 71, 38, 36, 53, 67, 9, 63, 67, 23, 90, 5, 24, 0, 54, 13, 12, 39, 96, 63, 37, 95, 68, 98, 49, 12, 26, 19, 67, 16, 84, 48, 26, 7, 15, 30, 60, 58, 43, 92, 0, 53, 48, 32, 42, 56, 46, 34, 44, 58, 13, 7, 23, 18, 100, 26, 14, 99, 97, 75, 23, 66, 0, 99, 12, 45, 92, 47, 4, 94, 74, 89, 6, 53, 65, 95, 85, 49, 57, 53, 77, 31, 70, 84, 42, 45, 98, 66, 11, 28, 33, 69, 45, 25, 14, 51, 17, 66, 11, 41, 63, 34, 32, 68, 17, 83, 13, 6, 27, 14, 26, 91, 67, 58, 57, 53, 32, 33, 29, 5, 72, 21, 6, 91, 60, 48, 74, 91, 65, 38, 20, 57, 7, 0, 65, 79, 11, 60, 82, 75, 90, 28, 91, 30, 50, 51, 37, 18, 13, 33, 11, 57, 42, 39, 40, 68, 93, 36, 69, 14, 14, 27, 8, 96, 81, 60, 86, 79, 33, 86, 56, 58, 61, 53, 45, 8, 11, 65, 86, 27, 26, 57, 58, 97, 56, 71, 100, 69, 48, 72, 5, 29, 74, 23, 24, 41, 66, 59, 35, 90, 48, 29, 87, 16, 17, 43, 0, 96, 8, 46, 60, 51, 88, 71, 74, 2, 14, 41, 30, 33, 92, 69, 21, 33, 56, 78, 15, 2, 33, 30, 79, 9, 14, 9, 9, 57, 50, 47, 22, 40, 100, 85, 65, 60, 33, 55, 84, 96, 60, 27, 50, 89, 43, 100, 60, 42, 100, 14, 50, 45, 31, 34, 95, 46, 72]
Trafienia: 32
Chybienia: 965
Algorytm LRU 3 10 100
Strony: [52, 74, 82, 14, 54, 48, 0, 9, 100, 32]
Trafienia: 0
Chybienia: 7
Algorytm LRU 3 100 100
Strony: [14, 70, 24, 63, 60, 11, 87, 92, 13, 85, 68, 100, 34, 85, 10, 10, 43, 62, 57, 48, 3, 5, 86, 3, 79, 73, 37, 27, 34, 97, 9, 66, 73, 39, 95, 41, 45, 34, 39, 6, 49, 38, 51, 98, 27, 97, 32, 58, 6, 13, 61, 10, 28, 13, 28, 57, 40, 71, 19, 45, 38, 49, 70, 25, 90, 96, 96, 26, 72, 88, 92, 16, 73, 96, 38, 47, 64, 58, 67, 19, 25, 26, 90, 92, 29, 92, 87, 68, 2, 4, 18, 25, 27, 79, 75, 52, 99, 18, 29, 8]
Trafienia: 5
Chybienia: 92
Algorytm LRU 3 1000 100
Strony: [17, 67, 37, 78, 45, 89, 98, 99, 41, 79, 73, 93, 90, 78, 33, 38, 58, 42, 66, 18, 45, 71, 13, 43, 96, 76, 57, 57, 81, 46, 82, 88, 97, 16, 63, 44, 72, 75, 58, 38, 88, 27, 83, 63, 86, 83, 44, 35, 5, 22, 79, 18, 38, 95, 83, 73, 89, 40, 43, 78, 3, 95, 32, 76, 19, 74, 86, 81, 40, 15, 98, 78, 47, 75, 70, 89, 12, 41, 6, 87, 45, 26, 11, 86, 66, 67, 1, 58, 76, 9, 50, 3, 14, 32, 24, 25, 88, 99, 17, 74, 26, 56, 95, 20, 87, 43, 55, 79, 10, 38, 100, 25, 62, 42, 70, 69, 10, 39, 6, 8, 95, 45, 80, 32, 30, 61, 39, 34, 45, 11, 80, 39, 19, 49, 45, 99, 36, 87, 31, 0, 54, 74, 20, 100, 71, 74, 48, 14, 19, 9, 66, 51, 61, 4, 71, 92, 7, 71, 40, 89, 80, 62, 45, 88, 65, 19, 13, 52, 76, 64, 14, 18, 46, 40, 90, 49, 23, 62, 4, 79, 98, 39, 35, 33, 3, 11, 68, 93, 34, 60, 91, 28, 83, 0, 28, 57, 15, 40, 44, 18, 20, 82, 90, 4, 60, 12, 40, 34, 49, 6, 66, 63, 14, 90, 49, 15, 39, 8, 48, 100, 26, 89, 54, 52, 99, 89, 13, 27, 50, 24, 24, 1, 23, 32, 30, 19, 76, 59, 42, 48, 84, 9, 54, 34, 47, 30, 67, 26, 80, 91, 78, 93, 2, 97, 51, 74, 21, 90, 11, 58, 34, 1, 80, 57, 73, 33, 75, 14, 31, 42, 30, 3, 30, 60, 17, 41, 24, 14, 76, 65, 57, 48, 79, 53, 27, 80, 83, 23, 54, 24, 25, 60, 63, 94, 30, 29, 45, 83, 100, 54, 23, 25, 1, 71, 34, 20, 90, 9, 17, 36, 13, 18, 59, 67, 19, 64, 53, 25, 3, 86, 63, 5, 88, 23, 18, 26, 74, 41, 11, 75, 40, 75, 83, 70, 49, 86, 32, 74, 64, 72, 39, 3, 4, 20, 97, 8, 39, 92, 12, 0, 75, 18, 66, 92, 44, 20, 89, 61, 41, 10, 33, 38, 24, 21, 80, 59, 6, 55, 82, 0, 4, 62, 48, 2, 23, 28, 8, 41, 17, 44, 47, 62, 62, 3, 29, 0, 10, 82, 67, 19, 76, 7, 96, 56, 99, 67, 67, 70, 2, 73, 18, 82, 59, 57, 67, 50, 39, 24, 50, 36, 66, 82, 44, 18, 37, 15, 6, 56, 23, 100, 63, 11, 79, 59, 36, 32, 20, 96, 28, 83, 10, 7, 11, 2, 73, 48, 61, 77, 10, 50, 61, 39, 48, 35, 44, 80, 91, 72, 63, 86, 60, 31, 60, 81, 59, 96, 19, 48, 58, 34, 21, 13, 55, 89, 80, 23, 27, 47, 15, 10, 74, 72, 89, 43, 67, 29, 46, 56, 12, 16, 25, 52, 4, 7, 56, 31, 16, 68, 40, 37, 23, 10, 86, 28, 5, 25, 50, 11, 2, 23, 89, 5, 57, 19, 4, 42, 16, 16, 73, 41, 57, 20, 87, 74, 100, 87, 14, 39, 9, 69, 91, 94, 5, 7, 28, 87, 65, 14, 33, 88, 97, 0, 69, 63, 14, 57, 93, 54, 91, 51, 10, 83, 96, 66, 65, 95, 25, 21, 23, 23, 88, 41, 43, 48, 90, 92, 18, 88, 41, 93, 94, 27, 70, 97, 99, 68, 11, 72, 40, 25, 53, 43, 79, 72, 78, 76, 58, 1, 59, 29, 10, 39, 68, 79, 80, 73, 92, 61, 3, 58, 89, 65, 3, 0, 27, 47, 52, 8, 53, 22, 19, 17, 91, 7, 46, 92, 49, 70, 87, 54, 97, 14, 75, 67, 12, 59, 8, 32, 5, 26, 86, 12, 77, 73, 27, 14, 94, 25, 57, 27, 2, 9, 15, 16, 12, 65, 18, 85, 40, 6, 61, 42, 76, 61, 88, 86, 25, 99, 37, 46, 58, 17, 55, 92, 51, 41, 74, 85, 2, 83, 76, 20, 3, 51, 96, 21, 46, 22, 2, 47, 32, 63, 33, 87, 29, 83, 71, 85, 47, 68, 3, 47, 55, 0, 5, 37, 48, 57, 49, 2, 56, 10, 33, 61, 34, 61, 35, 17, 63, 72, 95, 61, 56, 97, 65, 78, 26, 65, 49, 0, 80, 28, 32, 21, 53, 69, 75, 73, 7, 12, 37, 86, 41, 54, 26, 64, 46, 24, 84, 72, 98, 15, 94, 78, 4, 75, 67, 5, 85, 1, 18, 80, 52, 43, 75, 82, 25, 60, 98, 28, 5, 73, 30, 72, 81, 25, 22, 34, 77, 99, 33, 96, 3, 33, 70, 6, 30, 20, 68, 42, 35, 38, 69, 67, 74, 59, 86, 47, 77, 17, 69, 96, 92, 36, 45, 78, 12, 21, 8, 14, 75, 53, 90, 40, 12, 22, 7, 24, 54, 76, 54, 62, 10, 33, 10, 35, 16, 89, 69, 32, 28, 85, 57, 94, 93, 46, 26, 64, 93, 65, 52, 21, 91, 11, 78, 48, 68, 45, 58, 100, 96, 65, 19, 60, 88, 55, 28, 62, 16, 73, 18, 49, 52, 66, 64, 80, 61, 78, 83, 1, 42, 99, 56, 79, 76, 51, 26, 97, 26, 56, 38, 44, 44, 88, 13, 96, 15, 2, 43, 61, 64, 35, 32, 89, 31, 18, 99, 77, 56, 17, 81, 73, 80, 52, 92, 73, 30, 29, 77, 15, 99, 41, 71, 10, 46, 30, 29, 47, 21, 34, 24, 98, 58, 60, 12, 95, 90, 20, 81, 75, 54, 82, 53, 57, 48, 12, 82, 93, 50, 59, 75, 14, 86, 2, 28, 78, 72, 51, 29, 5, 13, 13, 7, 83, 79, 6, 90, 94, 40, 57, 75, 11, 55, 9, 60, 95, 48, 17, 7, 1, 39, 90, 35, 85, 99, 81, 1, 57, 28, 71, 23, 62, 94, 25, 89, 52, 8, 39, 54, 40, 38, 14, 97, 68, 48, 56, 80, 67, 63, 59, 87, 87, 60, 11, 53, 3, 87, 97, 26, 30, 8, 58, 99, 100, 82, 15, 94, 84, 37, 12]
Trafienia: 25
Chybienia: 972
Algorytm FIFO3101000
Strony: [815, 406, 664, 245, 872, 239, 965, 448, 242, 236]
Trafienia: 0
Chybienia: 7
Algorytm FIFO31001000
Strony: [702, 210, 673, 898, 126, 580, 208, 279, 397, 760, 287, 471, 387, 983, 327, 733, 789, 39, 239, 291, 4, 602, 379, 324, 771, 178, 612, 546, 264, 169, 397, 329, 957, 519, 34, 931, 378, 779, 95, 432, 24, 392, 756, 815, 763, 675, 234, 632, 60, 618, 274, 919, 513, 985, 256, 138, 631, 440, 104, 685, 744, 40, 143, 232, 637, 759, 166, 657, 842, 767, 236, 505, 190, 737, 151, 595, 43, 80, 612, 558, 565, 32, 966, 878, 895, 215, 102, 55, 136, 230, 586, 535, 162, 813, 617, 600, 352, 668, 277, 640]
Trafienia: 0
Chybienia: 97
Algorytm FIFO310001000
Strony: [762, 910, 969, 132, 167, 272, 478, 823, 550, 753, 94, 945, 273, 308, 350, 528, 181, 558, 54, 920, 827, 747, 868, 523, 362, 245, 281, 634, 781, 765, 364, 642, 565, 5, 803, 608, 47, 763, 774, 367, 727, 840, 812, 743, 5, 247, 250, 797, 555, 177, 571, 919, 439, 323, 932, 316, 667, 172, 108, 494, 27, 207, 619, 267, 316, 233, 624, 341, 833, 140, 19, 506, 607, 521, 396, 37, 353, 391, 377, 373, 19, 438, 983, 197, 396, 796, 682, 969, 342, 185, 869, 139, 570, 314, 713, 983, 286, 873, 975, 347, 520, 498, 772, 188, 983, 83, 851, 662, 796, 399, 463, 650, 235, 421, 523, 144, 672, 597, 597, 31, 525, 154, 713, 796, 373, 447, 985, 881, 683, 147, 454, 178, 668, 993, 71, 248, 587, 687, 183, 196, 532, 265, 628, 830, 391, 612, 166, 232, 611, 90, 433, 245, 599, 555, 708, 358, 340, 903, 172, 100, 312, 405, 247, 29, 516, 180, 945, 285, 329, 778, 54, 191, 856, 740, 144, 969, 732, 102, 588, 460, 941, 712, 589, 816, 325, 818, 192, 827, 232, 304, 113, 376, 550, 799, 58, 118, 304, 141, 28, 521, 431, 504, 746, 388, 924, 136, 28, 103, 313, 905, 376, 502, 803, 239, 160, 110, 628, 180, 833, 975, 84, 31, 578, 558, 2, 749, 946, 622, 631, 103, 767, 595, 993, 4, 332, 373, 116, 290, 564, 856, 970, 687, 929, 199, 535, 562, 132, 41, 342, 507, 901, 801, 295, 550, 522, 610, 388, 391, 343, 702, 194, 29, 67, 450, 77, 582, 588, 362, 304, 588, 730, 760, 931, 171, 105, 238, 690, 100, 820, 503, 110, 32, 743, 715, 466, 317, 973, 987, 83, 834, 594, 908, 837, 265, 285, 927, 383, 616, 598, 676, 729, 572, 759, 896, 70, 697, 286, 989, 918, 248, 122, 452, 825, 155, 102, 741, 921, 779, 418, 840, 223, 306, 879, 185, 220, 269, 165, 993, 951, 643, 281, 918, 379, 260, 861, 809, 746, 335, 272, 400, 77, 657, 369, 155, 736, 948, 624, 234, 582, 707, 159, 565, 409, 854, 275, 773, 371, 753, 914, 941, 87, 270, 104, 345, 250, 10, 200, 770, 154, 130, 603, 768, 607, 708, 422, 715, 230, 332, 417, 365, 289, 144, 819, 925, 908, 66, 64, 365, 166, 165, 928, 882, 360, 121, 145, 763, 85, 606, 307, 285, 768, 346, 182, 750, 990, 864, 206, 202, 908, 730, 574, 232, 615, 718, 138, 169, 947, 45, 582, 862, 224, 895, 210, 42, 649, 704, 418, 756, 977, 249, 185, 869, 555, 242, 460, 228, 947, 686, 176, 765, 26, 990, 845, 581, 850, 250, 607, 734, 186, 761, 552, 866, 919, 232, 632, 824, 831, 75, 955, 293, 630, 549, 687, 200, 206, 797, 721, 957, 927, 549, 42, 556, 502, 587, 909, 158, 389, 421, 779, 971, 910, 513, 948, 785, 245, 334, 308, 366, 144, 276, 508, 88, 237, 656, 901, 556, 943, 304, 927, 767, 37, 223, 507, 246, 907, 580, 775, 100, 160, 605, 446, 390, 327, 904, 529, 70, 225, 978, 278, 72, 892, 745, 183, 822, 20, 540, 119, 95, 673, 116, 918, 949, 323, 362, 536, 383, 140, 582, 409, 113, 160, 326, 892, 715, 981, 41, 609, 330, 720, 683, 467, 697, 98, 442, 1000, 944, 186, 424, 283, 592, 189, 707, 602, 775, 853, 367, 416, 338, 12, 508, 879, 43, 454, 448, 39, 849, 313, 519, 38, 500, 445, 492, 553, 543, 611, 328, 350, 184, 870, 21, 787, 78, 984, 29, 993, 642, 725, 37, 681, 971, 233, 285, 137, 708, 296, 522, 314, 369, 299, 216, 272, 280, 787, 919, 693, 481, 681, 444, 542, 321, 857, 878, 277, 142, 180, 492, 875, 818, 819, 399, 422, 228, 860, 761, 286, 261, 148, 187, 440, 437, 419, 837, 48, 547, 16, 657, 285, 527, 500, 403, 655, 136, 972, 580, 153, 787, 430, 67, 193, 413, 725, 931, 636, 638, 727, 929, 484, 703, 667, 477, 776, 888, 520, 986, 759, 42, 316, 856, 779, 517, 874, 648, 697, 914, 582, 250, 925, 64, 482, 880, 382, 44, 825, 749, 707, 803, 544, 516, 848, 299, 87, 522, 733, 279, 331, 869, 14, 652, 480, 811, 949, 687, 15, 132, 564, 809, 449, 508, 839, 844, 71, 609, 880, 813, 531, 833, 312, 919, 936, 191, 659, 643, 992, 70, 510, 895, 683, 847, 617, 382, 136, 542, 549, 146, 810, 852, 752, 715, 360, 106, 8, 533, 310, 386, 41, 925, 127, 617, 345, 972, 495, 958, 669, 802, 193, 828, 143, 975, 272, 475, 463, 475, 872, 713, 711, 298, 960, 406, 810, 25, 27, 247, 735, 720, 356, 145, 777, 393, 476, 47, 312, 763, 39, 711, 116, 136, 736, 841, 672, 110, 164, 835, 949, 606, 859, 788, 220, 567, 868, 700, 222, 866, 743, 858, 883, 981, 584, 290, 78, 845, 885, 79, 159, 868, 85, 485, 928, 590, 835, 81, 36, 615, 243, 137, 129, 402, 207, 232, 832, 132, 248, 144, 11, 670, 524, 332, 694, 206, 154, 369, 951, 400, 821, 687, 819, 878, 635, 283, 840, 796, 247, 736, 44, 303, 115, 864, 431, 352, 690, 252, 661, 871, 360, 980, 16, 508, 33, 875, 956, 206, 499, 743, 329, 684, 826, 479, 707, 880, 808, 778, 534, 437, 379, 994, 879, 442, 466, 31, 217, 167, 861, 34, 471, 728, 990, 927, 185, 177, 775, 200, 566, 921, 290, 223, 453, 937, 879, 715, 44, 405, 639, 889, 445, 323, 965, 392, 133, 604, 684, 820, 468, 206, 294, 406, 629, 168, 933, 717, 37, 283, 631, 182, 808, 34, 885, 244, 113, 931, 212, 801, 168, 502, 545, 321, 62, 14, 167, 905, 684, 229, 977, 720, 883, 322, 180, 427, 612, 460, 75, 611, 635, 692, 306, 36, 404, 483, 56, 38, 873, 963, 439, 335, 652, 293, 220, 915, 216, 375, 0, 667, 744, 812, 326, 289, 229, 870, 520, 802, 988, 664]
Trafienia: 3
Chybienia: 994
Algorytm LRU3101000
Strony: [488, 28, 17, 729, 810, 816, 110, 726, 400, 253]
Trafienia: 0
Chybienia: 7
Algorytm LRU31001000
Strony: [868, 201, 11, 17, 895, 15, 156, 476, 759, 859, 372, 749, 631, 509, 141, 376, 784, 80, 789, 420, 407, 867, 348, 271, 953, 84, 230, 331, 943, 713, 467, 558, 628, 643, 730, 813, 94, 553, 219, 334, 667, 814, 569, 435, 777, 455, 111, 526, 517, 140, 883, 184, 532, 51, 141, 121, 209, 615, 971, 756, 834, 500, 229, 668, 224, 909, 544, 366, 195, 440, 536, 596, 682, 683, 676, 25, 505, 330, 275, 529, 240, 426, 774, 953, 15, 836, 45, 605, 71, 730, 830, 882, 387, 235, 157, 891, 503, 45, 286, 148]
Trafienia: 0
Chybienia: 97
Algorytm LRU310001000
Strony: [109, 664, 980, 915, 924, 25, 584, 824, 929, 370, 650, 595, 95, 86, 640, 652, 536, 280, 494, 197, 832, 929, 336, 414, 124, 327, 98, 956, 558, 292, 465, 820, 557, 817, 537, 38, 578, 77, 797, 352, 202, 113, 894, 339, 398, 537, 462, 58, 348, 165, 491, 764, 719, 81, 223, 266, 382, 903, 866, 631, 667, 4, 276, 262, 616, 305, 564, 145, 919, 843, 259, 428, 822, 765, 316, 877, 181, 961, 795, 757, 770, 248, 64, 281, 901, 165, 257, 533, 728, 1, 918, 808, 996, 343, 646, 592, 531, 222, 625, 608, 690, 634, 6, 952, 167, 97, 95, 128, 362, 116, 561, 195, 244, 969, 709, 111, 221, 785, 269, 92, 977, 166, 258, 836, 892, 478, 289, 519, 796, 845, 581, 884, 140, 489, 732, 286, 627, 100, 697, 342, 857, 342, 60, 551, 574, 913, 447, 863, 680, 128, 659, 16, 883, 966, 100, 393, 353, 31, 349, 480, 416, 523, 221, 923, 659, 601, 23, 873, 662, 491, 91, 973, 167, 871, 515, 482, 835, 866, 634, 194, 999, 578, 681, 962, 605, 143, 348, 997, 948, 975, 525, 364, 946, 344, 438, 988, 743, 8, 464, 359, 125, 120, 309, 490, 269, 961, 336, 410, 604, 126, 678, 338, 550, 252, 950, 609, 392, 420, 387, 411, 990, 789, 237, 147, 299, 745, 15, 891, 606, 993, 686, 283, 816, 133, 902, 199, 778, 814, 266, 481, 57, 977, 480, 530, 202, 123, 979, 773, 73, 776, 662, 55, 904, 12, 463, 187, 464, 695, 545, 860, 334, 923, 551, 116, 899, 192, 284, 390, 134, 939, 947, 25, 473, 242, 578, 98, 466, 240, 269, 479, 976, 376, 2, 671, 902, 545, 766, 18, 87, 214, 257, 161, 631, 312, 67, 764, 950, 689, 859, 904, 738, 269, 308, 776, 226, 11, 847, 377, 939, 126, 283, 486, 756, 835, 276, 972, 885, 928, 196, 527, 444, 293, 5, 482, 972, 915, 506, 453, 327, 876, 674, 181, 662, 520, 59, 399, 916, 73, 131, 52, 246, 195, 49, 786, 409, 977, 839, 220, 321, 665, 61, 566, 129, 331, 631, 600, 762, 349, 154, 962, 48, 422, 455, 108, 913, 282, 806, 615, 296, 66, 695, 268, 445, 589, 708, 203, 356, 755, 852, 510, 288, 491, 632, 28, 266, 869, 86, 476, 956, 833, 517, 855, 468, 295, 287, 695, 344, 483, 614, 271, 398, 827, 472, 989, 597, 467, 498, 616, 596, 87, 215, 804, 364, 132, 738, 366, 429, 733, 340, 725, 143, 238, 320, 36, 254, 23, 24, 174, 796, 74, 914, 93, 357, 716, 220, 226, 341, 328, 860, 334, 200, 950, 678, 382, 302, 770, 432, 321, 297, 268, 270, 350, 961, 562, 986, 358, 784, 664, 408, 960, 692, 454, 378, 398, 236, 341, 961, 325, 448, 222, 375, 52, 641, 573, 927, 942, 426, 565, 620, 835, 985, 181, 814, 58, 363, 79, 312, 435, 826, 686, 619, 57, 314, 411, 149, 9, 92, 859, 862, 6, 921, 996, 588, 254, 156, 438, 533, 945, 482, 70, 565, 366, 228, 861, 266, 753, 716, 944, 203, 496, 431, 391, 361, 17, 168, 884, 147, 231, 774, 927, 774, 349, 348, 711, 833, 765, 686, 11, 151, 682, 720, 454, 232, 198, 602, 103, 216, 760, 18, 100, 981, 417, 992, 924, 818, 585, 168, 289, 771, 558, 787, 534, 616, 252, 283, 523, 465, 600, 731, 176, 379, 277, 211, 927, 74, 233, 12, 241, 768, 504, 657, 922, 232, 616, 451, 924, 849, 664, 13, 392, 378, 353, 44, 977, 512, 207, 0, 787, 477, 43, 237, 685, 660, 876, 470, 900, 405, 924, 835, 678, 889, 11, 648, 428, 649, 287, 713, 105, 727, 537, 56, 892, 372, 575, 606, 589, 298, 993, 991, 429, 87, 880, 296, 263, 372, 436, 914, 481, 35, 309, 453, 227, 823, 278, 29, 372, 104, 279, 76, 55, 597, 45, 493, 628, 80, 601, 410, 764, 990, 550, 76, 427, 483, 684, 480, 486, 406, 406, 840, 572, 421, 250, 821, 231, 803, 670, 892, 844, 519, 936, 218, 59, 94, 261, 424, 25, 401, 796, 263, 50, 523, 300, 45, 734, 980, 141, 753, 472, 830, 443, 703, 337, 199, 46, 683, 690, 216, 499, 410, 700, 93, 278, 841, 587, 713, 187, 59, 845, 121, 828, 262, 952, 539, 891, 31, 968, 323, 97, 533, 543, 998, 707, 539, 762, 548, 253, 432, 737, 435, 876, 186, 336, 605, 397, 909, 253, 42, 841, 848, 973, 964, 503, 294, 970, 169, 636, 69, 914, 613, 10, 961, 435, 434, 97, 784, 867, 744, 271, 654, 270, 773, 106, 541, 537, 240, 348, 85, 119, 692, 982, 683, 31, 266, 444, 986, 313, 471, 437, 174, 607, 81, 42, 141, 529, 370, 531, 354, 428, 327, 756, 553, 551, 644, 524, 94, 818, 582, 908, 939, 215, 381, 444, 732, 835, 483, 926, 860, 389, 934, 619, 860, 187, 723, 821, 664, 643, 300, 442, 127, 602, 929, 58, 761, 621, 340, 972, 386, 926, 424, 222, 434, 909, 366, 167, 120, 433, 677, 942, 679, 391, 93, 500, 878, 854, 972, 626, 268, 341, 424, 942, 916, 767, 865, 282, 986, 984, 44, 903, 790, 559, 668, 951, 472, 149, 529, 454, 390, 247, 197, 61, 246, 225, 42, 299, 816, 607, 753, 89, 519, 428, 503, 472, 60, 511, 882, 532, 668, 995, 896, 286, 738, 183, 789, 326, 503, 717, 887, 451, 445, 995, 121, 17, 857, 990, 342, 55, 736, 297, 608, 61, 82, 833, 235, 300, 663, 760, 354, 911, 243, 438, 754, 627, 25, 733, 388, 750, 89, 682, 183, 597, 790, 25, 992, 455, 275, 679, 252, 205, 668, 977, 868, 93, 487, 998, 355, 347, 407, 188, 744, 529, 163, 149, 229, 792, 26, 424, 659, 129, 573, 379, 648, 137, 724, 941, 849, 289, 350, 853, 546, 85, 494, 924, 203, 6, 577, 15, 303, 162, 788, 810, 166, 783, 330, 35, 652, 808, 34, 949, 759, 704]
Trafienia: 3
Chybienia: 994

Algorytm FIFO
Rozmiar: 3	Długość strony: 10	Przedział strony: 10
Strony: [8, 8, 10, 10, 1, 6, 2, 1, 7, 1]
Trafienia: 1
Chybienia: 4
Algorytm LRU
Rozmiar: 3	Długość strony: 
Algorytm FIFO
Rozmiar: 3	Długość strony: 
Algorytm FIFO
Rozmiar: 3	Długość strony: 
Algorytm FIFO
Rozmiar: 3	Długość strony: 
Algorytm FIFO
Rozmiar: 3	Długość strony: 
Algorytm FIFO
Rozmiar: 3	Długość strony: 
Algorytm FIFO
Rozmiar: 3	Długość strony: 
Algorytm FIFO
Algorytm FIFO
Rozmiar: 3	Długość strony: 5	Przedział strony: 
Algorytm FIFO
Algorytm FIFO
Strony: [0, 0, 0, 0, 0, 0, 0, 0, 0, 0, 1, 2, 3, 4, 5, 3, 2, 34, 1, 2]
Trafienia: 2
Chybienia: 6
Algorytm LRU
Strony: [0, 0, 0, 0, 0, 0, 0, 0, 2, 1, 5, 4, 2, 1, 5, 2]
Trafienia: 6
Chybienia: 8
Algorytm LRU
Strony: [0, 0, 0, 0, 0, 0, 0, 0, 2, 1, 5, 4, 1, 5, 2, 3]
Trafienia: 6
Chybienia: 8
Algorytm FIFO
Strony: [0, 0, 0, 0, 0, 0, 0, 0, 2, 1, 5, 4, 1, 5, 2, 3]
Trafienia: 0
Chybienia: 7
Algorytm LRU
Strony: [0, 0, 0, 0, 0, 0, 0, 0, 1, 3, 2, 1, 5, 4, 3, 1]
Trafienia: 6
Chybienia: 7
Algorytm FIFO
Strony: [3, 1, 2]
Trafienia: 0
Chybienia: 0